0.133057	-0.145386	0.431274	-0.032443	0.024237	-0.000700	1
0.129028	-0.155273	0.428223	-0.035814	0.026718	-0.000191	2
0.126587	-0.171509	0.428223	-0.039059	0.029707	-0.001527	3
0.120361	-0.185791	0.424683	-0.040967	0.031298	-0.002926	4
0.119019	-0.195557	0.423950	-0.042494	0.033015	-0.005089	5
0.115112	-0.206299	0.418091	-0.044338	0.034796	-0.007824	6
0.109619	-0.217407	0.410400	-0.045674	0.036768	-0.010751	7
0.106689	-0.227539	0.403564	-0.047392	0.038868	-0.013613	8
0.101196	-0.239746	0.402222	-0.049300	0.041730	-0.016730	9
0.097046	-0.256714	0.399048	-0.052290	0.045865	-0.019593	11
0.097046	-0.256714	0.399048	-0.052290	0.045865	-0.019593	11
0.093018	-0.276123	0.396118	-0.055725	0.048855	-0.022392	12
0.083496	-0.287598	0.397827	-0.059924	0.052163	-0.025954	13
0.074097	-0.292358	0.401001	-0.065458	0.056679	-0.029198	14
0.066895	-0.305786	0.406738	-0.073664	0.060560	-0.033079	15
0.059204	-0.321289	0.412476	-0.083651	0.065585	-0.035178	16
0.047363	-0.344849	0.423462	-0.094275	0.069529	-0.037532	17
0.030029	-0.366821	0.432739	-0.105725	0.072265	-0.040394	18
0.011597	-0.397949	0.437866	-0.115458	0.074555	-0.043830	19
-0.006592	-0.430420	0.444824	-0.124300	0.075000	-0.047646	20
-0.027100	-0.458862	0.447144	-0.130789	0.074046	-0.053308	21
-0.043701	-0.491699	0.444824	-0.136069	0.072010	-0.059860	22
-0.057007	-0.522705	0.439941	-0.138995	0.068130	-0.067875	23
-0.066772	-0.552124	0.432251	-0.138232	0.063613	-0.075954	24
-0.070435	-0.578247	0.420654	-0.134351	0.059415	-0.084415	25
-0.076416	-0.605591	0.411377	-0.127608	0.053944	-0.092939	26
-0.086182	-0.628662	0.405518	-0.118321	0.048791	-0.103117	27
-0.089355	-0.652466	0.398682	-0.105471	0.043957	-0.113868	28
-0.094849	-0.670654	0.398438	-0.089949	0.037595	-0.126972	29
-0.097656	-0.682617	0.400513	-0.071692	0.032061	-0.140522	30
-0.109253	-0.700073	0.405884	-0.052799	0.026018	-0.155852	31
-0.119873	-0.717041	0.412476	-0.032316	0.019338	-0.172265	32
-0.122314	-0.719116	0.402344	-0.008651	0.011260	-0.190394	33
-0.114868	-0.728516	0.395508	0.017303	0.004262	-0.210115	34
-0.103638	-0.742065	0.393799	0.044211	-0.002036	-0.231043	35
-0.100342	-0.754028	0.396484	0.073473	-0.007634	-0.252036	36
-0.103516	-0.750122	0.390015	0.106043	-0.013232	-0.275573	37
-0.100830	-0.733032	0.382202	0.141539	-0.018130	-0.299173	38
-0.091431	-0.708862	0.380737	0.177290	-0.022265	-0.321756	39
-0.085815	-0.673462	0.376953	0.211132	-0.024555	-0.343511	40
-0.085327	-0.634277	0.380371	0.242939	-0.026272	-0.365585	41
-0.091431	-0.593262	0.391479	0.271438	-0.026590	-0.388486	42
-0.092896	-0.563232	0.406738	0.295356	-0.026972	-0.411705	43
-0.086426	-0.539795	0.425293	0.318511	-0.029198	-0.434415	44
-0.086426	-0.514648	0.443115	0.343575	-0.028690	-0.455344	45
-0.091431	-0.480713	0.470093	0.370611	-0.028435	-0.473791	46
-0.095703	-0.431396	0.481567	0.397646	-0.030153	-0.491539	47
-0.099365	-0.364990	0.479004	0.422392	-0.033397	-0.507634	48
-0.095825	-0.306519	0.463745	0.443066	-0.036196	-0.519720	49
-0.086792	-0.238037	0.434448	0.458588	-0.038295	-0.531743	50
-0.079346	-0.158081	0.392822	0.468003	-0.043575	-0.541031	51
-0.058228	-0.093506	0.371460	0.467430	-0.048537	-0.546819	52
-0.044922	-0.026978	0.347412	0.460878	-0.050254	-0.552163	53
-0.041748	0.034668	0.325439	0.447201	-0.050700	-0.554262	54
-0.036133	0.099365	0.311890	0.429517	-0.051845	-0.549491	55
-0.031982	0.176270	0.296265	0.410941	-0.051590	-0.543066	56
-0.035400	0.262207	0.291626	0.386578	-0.048982	-0.533270	57
-0.036133	0.358398	0.292358	0.356934	-0.046501	-0.519656	58
-0.031616	0.454712	0.292725	0.321692	-0.042875	-0.502417	59
-0.028564	0.527466	0.301880	0.280534	-0.037150	-0.480471	60
-0.023560	0.576538	0.316895	0.234542	-0.030407	-0.455089	61
-0.020508	0.611450	0.335571	0.190394	-0.023791	-0.432316	62
-0.015747	0.624146	0.349365	0.146565	-0.016603	-0.407697	63
-0.002441	0.618896	0.365967	0.106170	-0.011578	-0.383397	64
0.009766	0.602051	0.384033	0.073346	-0.006170	-0.359033	65
0.019897	0.584961	0.400757	0.047901	-0.002354	-0.334669	66
0.031372	0.573730	0.418213	0.029326	-0.000763	-0.311450	67
0.041382	0.568848	0.422974	0.015140	-0.001972	-0.289440	68
0.047241	0.578857	0.427856	0.002990	-0.003944	-0.268130	69
0.056641	0.596802	0.422485	-0.009669	-0.007125	-0.246756	70
0.067627	0.615601	0.416138	-0.023919	-0.009860	-0.226209	71
0.084473	0.630493	0.413696	-0.038995	-0.013168	-0.204707	72
0.101196	0.626953	0.411865	-0.056107	-0.015267	-0.183969	73
0.113403	0.605591	0.415527	-0.071438	-0.018384	-0.162277	74
0.123169	0.577759	0.426392	-0.083142	-0.020102	-0.142176	75
0.130737	0.543945	0.440674	-0.091158	-0.023092	-0.123282	76
0.136597	0.507568	0.451050	-0.094911	-0.027036	-0.106107	77
0.142090	0.479980	0.458740	-0.094148	-0.029962	-0.090585	78
0.150513	0.454712	0.460327	-0.090649	-0.033524	-0.077672	79
0.161133	0.424683	0.461426	-0.086132	-0.037277	-0.065458	80
0.168823	0.394043	0.463257	-0.079580	-0.040013	-0.054771	81
0.175537	0.371704	0.465820	-0.071120	-0.041794	-0.045738	82
0.181763	0.353027	0.466553	-0.061641	-0.044338	-0.037659	83
0.187744	0.336060	0.466919	-0.052735	-0.044593	-0.030534	84
0.194580	0.323364	0.465454	-0.044211	-0.045547	-0.024746	85
0.201294	0.312500	0.462402	-0.036705	-0.046310	-0.018766	86
0.206421	0.301147	0.460571	-0.031107	-0.046628	-0.013550	87
0.202271	0.286255	0.463379	-0.027099	-0.046247	-0.008906	88
0.199219	0.268921	0.462524	-0.024300	-0.045547	-0.004707	89
0.197510	0.252808	0.458862	-0.021565	-0.044847	-0.000254	90
0.199219	0.234985	0.458008	-0.019720	-0.045229	0.002672	91
0.205811	0.218506	0.450195	-0.018766	-0.045356	0.004898	92
0.208740	0.207153	0.447754	-0.017239	-0.045356	0.006043	93
0.213745	0.197876	0.440308	-0.016667	-0.043575	0.008079	94
0.213257	0.183594	0.437988	-0.016094	-0.042812	0.008206	95
0.210693	0.177246	0.438843	-0.016285	-0.042112	0.008651	96
0.206909	0.162964	0.436768	-0.015776	-0.041730	0.008715	97
0.206421	0.154175	0.436890	-0.013740	-0.040331	0.008461	98
0.205444	0.147095	0.435303	-0.010687	-0.039440	0.008015	99
0.207031	0.137817	0.435059	-0.007125	-0.038486	0.008397	100
0.207886	0.133057	0.435303	-0.003562	-0.038168	0.008651	101
0.208496	0.132080	0.432617	0.001272	-0.037659	0.008079	102
0.211426	0.133545	0.432983	0.004898	-0.036705	0.008524	103
0.209595	0.137207	0.424561	0.008142	-0.034288	0.009097	104
0.213501	0.143555	0.423950	0.009288	-0.032697	0.009669	105
0.215942	0.141602	0.422119	0.009224	-0.030725	0.010878	106
0.219238	0.137573	0.421997	0.008079	-0.027735	0.012659	107
0.216309	0.128418	0.421875	0.006425	-0.023982	0.013677	108
0.214233	0.125244	0.419067	0.005471	-0.021756	0.015649	109
0.211548	0.120239	0.421753	0.004198	-0.018321	0.016285	110
0.213867	0.116211	0.420654	0.002290	-0.014822	0.017621	111
0.213013	0.111450	0.423828	-0.000064	-0.012087	0.018384	112
0.210571	0.105835	0.427368	-0.002481	-0.008524	0.019911	113
0.207397	0.100952	0.430054	-0.005598	-0.005980	0.019911	114
0.203369	0.096313	0.431885	-0.008779	-0.003880	0.020102	115
0.202148	0.089478	0.432861	-0.011387	-0.001908	0.020165	116
0.197266	0.086670	0.435547	-0.014822	0.000064	0.019338	117
0.195679	0.084961	0.438232	-0.017748	0.001336	0.018321	118
0.190796	0.089966	0.439575	-0.021501	0.001972	0.018003	119
0.187256	0.084106	0.438599	-0.025763	0.002608	0.016603	120
0.185669	0.080444	0.440186	-0.030089	0.004135	0.015585	121
0.185181	0.072510	0.443237	-0.033206	0.004135	0.014822	122
0.186279	0.063477	0.442261	-0.034669	0.004707	0.013931	123
0.187256	0.058228	0.445435	-0.034542	0.005216	0.013295	124
0.187500	0.050659	0.443237	-0.033142	0.005598	0.011959	125
0.188599	0.048828	0.443726	-0.030407	0.005153	0.011132	126
0.192871	0.048950	0.446045	-0.027290	0.005407	0.010178	127
0.194092	0.051758	0.447021	-0.025064	0.005534	0.009160	128
0.192871	0.055298	0.448486	-0.024173	0.006552	0.008397	129
0.191528	0.056519	0.447510	-0.023410	0.007188	0.007252	130
0.186279	0.052002	0.449097	-0.022455	0.007824	0.005980	131
0.187744	0.048584	0.449707	-0.021628	0.008842	0.004898	132
