0.048706	-0.005127	0.504272	-0.041031	-0.000445	-0.003562	1
0.043945	-0.004517	0.501587	-0.049746	-0.000891	-0.003626	2
0.044067	0.002075	0.501099	-0.060115	-0.002354	-0.005025	3
0.050537	0.006714	0.495850	-0.073155	-0.004008	-0.005662	4
0.052246	0.016602	0.490967	-0.088740	-0.004008	-0.006743	5
0.059326	0.026489	0.493042	-0.108779	-0.004198	-0.007697	6
0.055908	0.035645	0.495361	-0.131743	-0.002735	-0.010560	7
0.059814	0.046265	0.488403	-0.156107	-0.003372	-0.012087	8
0.058716	0.044312	0.490845	-0.186005	-0.002545	-0.012277	9
0.052979	0.033203	0.498047	-0.215840	-0.002290	-0.014567	11
0.052979	0.033203	0.498047	-0.215840	-0.002290	-0.014567	11
0.051025	0.021118	0.501831	-0.244275	-0.003117	-0.015967	12
0.054077	0.011353	0.493408	-0.271756	-0.004071	-0.015522	13
0.056396	-0.000610	0.489258	-0.297137	-0.004771	-0.018321	14
0.058960	-0.009766	0.481934	-0.320038	-0.004771	-0.019656	15
0.065796	-0.031616	0.473999	-0.343321	-0.005153	-0.019784	16
0.071899	-0.045410	0.471313	-0.364249	-0.005216	-0.021374	17
0.076050	-0.049438	0.461182	-0.382506	-0.004835	-0.021374	18
0.078613	-0.062866	0.453125	-0.401527	-0.003308	-0.022964	19
0.078735	-0.081543	0.446655	-0.419784	-0.001781	-0.024109	20
0.078979	-0.115356	0.443481	-0.432888	0.000636	-0.023282	21
0.084595	-0.162109	0.440674	-0.438868	0.002990	-0.024237	22
0.087036	-0.221924	0.448608	-0.434733	0.005852	-0.023664	23
0.084229	-0.280518	0.457275	-0.419338	0.011450	-0.022646	24
0.076904	-0.326904	0.468018	-0.392176	0.016031	-0.021756	25
0.068604	-0.353638	0.479858	-0.352226	0.021374	-0.022774	26
0.065308	-0.358521	0.499634	-0.306361	0.026972	-0.020547	27
0.065186	-0.354126	0.508545	-0.259478	0.030025	-0.019975	28
0.060303	-0.357056	0.520996	-0.214440	0.032952	-0.020293	29
0.048340	-0.361328	0.537964	-0.165140	0.034796	-0.021374	30
0.042236	-0.367920	0.554932	-0.113868	0.034542	-0.023728	31
0.028687	-0.369873	0.560547	-0.056870	0.035051	-0.026590	32
0.026001	-0.376465	0.563232	0.002672	0.031997	-0.031234	33
0.037842	-0.402832	0.566772	0.131807	0.024936	-0.037659	34
0.035400	-0.409058	0.563232	0.203817	0.024109	-0.039059	35
0.024170	-0.408325	0.553223	0.277799	0.023537	-0.037786	36
0.015747	-0.400513	0.531738	0.352735	0.020483	-0.036005	37
0.018799	-0.399414	0.521240	0.430153	0.016412	-0.033461	38
0.022461	-0.404053	0.516479	0.509669	0.013041	-0.027863	39
0.024048	-0.403564	0.518066	0.597137	0.009860	-0.020929	40
0.015991	-0.393799	0.521729	0.690776	0.006552	-0.011768	41
0.005371	-0.365601	0.515015	0.784224	0.002417	-0.001209	42
-0.006470	-0.323853	0.489990	0.870992	-0.003817	0.006298	43
-0.006836	-0.279907	0.466309	0.946947	-0.011705	0.010560	44
0.001587	-0.244751	0.446411	1.011260	-0.020547	0.015140	45
0.017578	-0.211304	0.438843	1.069593	-0.028372	0.019975	46
0.023071	-0.166992	0.414429	1.123028	-0.033142	0.024109	47
0.029541	-0.115967	0.402832	1.163550	-0.036514	0.029517	48
0.032349	-0.076660	0.371338	1.197710	-0.041539	0.035687	49
0.038574	-0.038940	0.361450	1.228053	-0.046120	0.043766	50
0.035400	-0.001465	0.339111	1.245102	-0.049046	0.046310	51
0.032959	0.040161	0.320068	1.252354	-0.052290	0.047265	52
0.030151	0.088257	0.305786	1.254008	-0.056679	0.046374	53
0.040649	0.135620	0.295166	1.247328	-0.060878	0.045611	54
0.053223	0.177246	0.287842	1.233779	-0.065267	0.042875	55
0.059937	0.201172	0.290161	1.212786	-0.068384	0.041349	56
0.052979	0.219482	0.287720	1.191794	-0.068003	0.040204	57
0.045776	0.233521	0.287354	1.169211	-0.069338	0.036896	58
0.041748	0.247437	0.284668	1.147392	-0.073473	0.031170	59
0.041138	0.261963	0.272095	1.126336	-0.076336	0.028626	60
0.046387	0.271973	0.254883	1.102099	-0.079071	0.023664	61
0.056274	0.279419	0.237549	1.078880	-0.081552	0.019847	62
0.060425	0.285034	0.222168	1.059796	-0.083142	0.017684	63
0.055786	0.283447	0.213623	1.042112	-0.084033	0.017621	64
0.041992	0.277466	0.203247	1.030534	-0.086069	0.015967	65
0.051147	0.287476	0.202148	1.026972	-0.088995	0.016985	66
0.045898	0.281738	0.174316	1.023982	-0.090522	0.017684	67
0.047729	0.294922	0.160889	1.030216	-0.092939	0.018957	68
0.047729	0.320557	0.136353	1.032379	-0.094211	0.022074	69
0.046753	0.355103	0.099976	1.022583	-0.096247	0.021374	70
0.060059	0.385986	0.072632	1.005662	-0.098473	0.019020	71
0.080566	0.403442	0.056274	0.985560	-0.101336	0.016985	72
0.081665	0.387939	0.056152	0.966539	-0.098919	0.014758	73
0.074219	0.372314	0.050781	0.955725	-0.097010	0.015776	74
0.078369	0.390869	0.028564	0.944656	-0.094784	0.014885	75
0.078247	0.415771	0.006226	0.925000	-0.093130	0.010433	76
0.083252	0.420288	0.007935	0.905852	-0.090840	0.006997	77
0.082642	0.412476	-0.000366	0.894847	-0.088740	0.004644	78
0.082031	0.403198	-0.003174	0.888168	-0.086705	0.004898	79
0.085815	0.400757	-0.030151	0.887595	-0.084033	0.006298	80
0.089478	0.417969	-0.053955	0.880534	-0.081425	0.003944	81
0.087524	0.399902	-0.064819	0.874936	-0.080280	0.001718	82
0.094482	0.379517	-0.098999	0.881043	-0.077290	0.003753	83
0.096924	0.357422	-0.134644	0.895356	-0.072837	0.005598	84
0.096924	0.337524	-0.193359	0.911705	-0.069211	0.008779	85
0.097778	0.352051	-0.218018	0.920992	-0.064885	0.011132	86
0.086792	0.392822	-0.230591	0.924364	-0.061768	0.006552	87
0.078247	0.430298	-0.259277	0.918448	-0.060433	0.004262	88
0.075806	0.470947	-0.282471	0.899746	-0.060242	0.005344	89
0.076416	0.518311	-0.290283	0.868384	-0.060623	0.002226	90
0.078735	0.555176	-0.321655	0.828753	-0.061578	-0.002799	91
0.088257	0.574585	-0.349243	0.778626	-0.062659	-0.007125	92
0.100342	0.593384	-0.361206	0.722074	-0.062850	-0.010305	93
0.108643	0.593750	-0.381104	0.662405	-0.062977	-0.012977	94
0.108032	0.578491	-0.371704	0.596183	-0.059478	-0.016667	95
0.103882	0.546143	-0.364868	0.537723	-0.057506	-0.020611	96
0.103638	0.516968	-0.364136	0.486005	-0.057061	-0.021120	97
0.104492	0.494507	-0.350098	0.441094	-0.055789	-0.021247	98
0.091187	0.474609	-0.356689	0.401718	-0.052926	-0.020611	99
0.084351	0.460938	-0.349731	0.366794	-0.050318	-0.017684	100
0.083252	0.465454	-0.349976	0.337786	-0.048473	-0.016412	101
0.085815	0.459595	-0.361572	0.311896	-0.046247	-0.010878	102
0.093628	0.461792	-0.357788	0.289440	-0.042875	-0.006298	103
0.096313	0.475952	-0.363647	0.270929	-0.039504	-0.002354	104
0.096069	0.495972	-0.366333	0.249491	-0.036514	0.002990	105
0.098755	0.510010	-0.356201	0.224364	-0.034033	0.003435	106
0.094482	0.482056	-0.341187	0.193511	-0.032443	0.002163	107
0.089600	0.452637	-0.315186	0.169656	-0.031361	0.000763	108
0.083496	0.446899	-0.297485	0.153944	-0.032443	-0.002481	109
0.085205	0.413452	-0.295044	0.140140	-0.032061	-0.003817	110
0.083130	0.377930	-0.275024	0.128053	-0.032824	-0.008333	111
0.083618	0.387451	-0.275635	0.129835	-0.034542	-0.012277	112
0.080566	0.403320	-0.291260	0.130471	-0.034097	-0.011641	113
0.090210	0.430420	-0.297119	0.124173	-0.034160	-0.013550	114
0.097900	0.444458	-0.313477	0.114758	-0.033906	-0.016667	115
0.103027	0.429077	-0.319092	0.101018	-0.030725	-0.017366	116
0.103882	0.432495	-0.318726	0.090967	-0.028244	-0.019211	117
0.100830	0.423096	-0.324219	0.082125	-0.024300	-0.018830	118
0.094116	0.419922	-0.315552	0.074300	-0.020356	-0.018639	119
0.091309	0.439575	-0.317261	0.069338	-0.016730	-0.018193	120
0.086792	0.440918	-0.326294	0.058333	-0.012659	-0.017048	121
0.087036	0.440430	-0.323608	0.046183	-0.009606	-0.016285	122
0.085571	0.458374	-0.333740	0.035623	-0.006170	-0.016412	123
0.079834	0.469238	-0.335205	0.018511	-0.002608	-0.013804	124
0.081909	0.466309	-0.332764	-0.002481	-0.000891	-0.013995	125
0.084473	0.463989	-0.328369	-0.023092	0.001018	-0.013232	126
0.078613	0.442871	-0.321899	-0.039631	0.003690	-0.012468	127
0.076660	0.428467	-0.309937	-0.052545	0.004835	-0.011069	128
0.076660	0.435181	-0.311157	-0.060178	0.006489	-0.012150	129
0.074951	0.434570	-0.307861	-0.069275	0.008333	-0.011323	130
0.073608	0.438232	-0.310181	-0.079198	0.007952	-0.013677	131
0.077393	0.430664	-0.304810	-0.087786	0.008842	-0.012659	132
0.075439	0.414795	-0.294678	-0.094720	0.010560	-0.013422	133
0.075562	0.400146	-0.284668	-0.095992	0.012150	-0.014440	134
0.072876	0.383057	-0.277466	-0.092557	0.012723	-0.013868	135
0.072021	0.368530	-0.267090	-0.084606	0.013740	-0.012277	136
0.070068	0.372559	-0.263306	-0.071565	0.012977	-0.012977	137
0.067993	0.380737	-0.261841	-0.058079	0.013868	-0.011005	138
0.067017	0.386230	-0.261963	-0.046183	0.013740	-0.010433	139
0.070313	0.390869	-0.260620	-0.035178	0.013041	-0.009606	140
0.065430	0.403076	-0.262085	-0.025636	0.012468	-0.007761	141
0.063843	0.411743	-0.261719	-0.018893	0.010941	-0.006870	142
0.065552	0.417358	-0.269653	-0.014822	0.009924	-0.007316	143
0.070313	0.427612	-0.280762	-0.012850	0.008906	-0.006298	144
0.070068	0.430176	-0.286255	-0.012977	0.009288	-0.006743	145
0.069946	0.429932	-0.287720	-0.013804	0.008715	-0.006298	146
0.065796	0.430298	-0.287598	-0.016094	0.008715	-0.007506	147
0.070068	0.437012	-0.288330	-0.019084	0.008588	-0.006489	148
0.074219	0.442871	-0.291748	-0.022074	0.009733	-0.006934	149
0.073730	0.435669	-0.294434	-0.026972	0.011323	-0.004326	150
0.075439	0.432495	-0.290771	-0.030344	0.013486	-0.004962	151
0.079224	0.438232	-0.292603	-0.031997	0.014567	-0.004453	152
0.078735	0.437378	-0.293213	-0.035941	0.016031	-0.002926	153
0.078735	0.436279	-0.286743	-0.039949	0.017494	-0.003690	154
0.076538	0.433472	-0.281982	-0.042875	0.019275	-0.004008	155
0.074463	0.420166	-0.271362	-0.045674	0.019784	-0.003753	156
0.071045	0.405518	-0.256104	-0.044402	0.020674	-0.002481	157
0.064209	0.402954	-0.251099	-0.038613	0.020420	-0.001845	158
0.063110	0.408813	-0.253052	-0.032252	0.019020	-0.001399	159
0.063843	0.415405	-0.253540	-0.027354	0.017812	-0.001081	160
0.069702	0.416260	-0.259399	-0.023346	0.015331	0.000127	161
0.073242	0.419312	-0.262451	-0.020547	0.015140	0.000127	162
0.072144	0.415649	-0.261353	-0.019338	0.014377	-0.001272	163
0.069702	0.418945	-0.260132	-0.017366	0.013550	-0.002226	164
0.068237	0.419434	-0.264526	-0.016094	0.012723	-0.000636	165
0.072266	0.426392	-0.264771	-0.015267	0.011514	-0.000573	166
0.074829	0.428345	-0.267944	-0.016094	0.011768	-0.000954	167
0.074463	0.434082	-0.265991	-0.017112	0.010305	-0.001527	168
0.073853	0.440308	-0.272827	-0.019020	0.010560	0.000000	169
0.078735	0.440796	-0.274658	-0.022519	0.011132	0.000445	170
0.078857	0.436523	-0.278320	-0.025636	0.012214	0.000000	171
