0.055176	-0.158936	0.527954	0.051272	0.007125	0.007188	1
0.053223	-0.171387	0.537476	0.099936	0.009860	0.012786	2
0.044434	-0.182983	0.545288	0.147710	0.010242	0.015331	3
0.040527	-0.176880	0.543823	0.200382	0.008333	0.015267	4
0.049438	-0.168335	0.537598	0.250064	0.007443	0.015585	5
0.048218	-0.171021	0.535645	0.295420	0.008842	0.013168	6
0.052246	-0.181519	0.538330	0.340013	0.008969	0.009733	7
0.053467	-0.197388	0.545166	0.384288	0.008651	0.004453	8
0.050049	-0.210938	0.550049	0.431043	0.008906	-0.001718	9
0.045776	-0.208496	0.544800	0.482252	0.007697	-0.006997	11
0.045776	-0.208496	0.544800	0.482252	0.007697	-0.006997	11
0.038696	-0.184937	0.534180	0.531425	0.005789	-0.011578	12
0.039185	-0.152466	0.520020	0.573791	0.003181	-0.017112	13
0.043701	-0.112305	0.500732	0.607824	-0.000382	-0.021183	14
0.041504	-0.082520	0.490601	0.634606	-0.002799	-0.025509	15
0.039917	-0.069824	0.492432	0.659860	-0.005344	-0.026908	16
0.034912	-0.046631	0.485962	0.685433	-0.009224	-0.027481	17
0.025146	-0.019775	0.482666	0.707188	-0.012150	-0.028244	18
0.015015	0.008789	0.477051	0.727608	-0.017939	-0.026654	19
0.014526	0.041016	0.469727	0.749237	-0.024300	-0.022265	20
0.017944	0.064697	0.461792	0.771565	-0.029580	-0.016094	21
0.020264	0.091675	0.455200	0.795420	-0.034796	-0.008715	22
0.016479	0.122681	0.440186	0.815267	-0.038613	-0.002990	23
0.014771	0.142822	0.425903	0.831870	-0.043893	0.003181	24
0.016968	0.162598	0.419556	0.849109	-0.049046	0.009351	25
0.016357	0.179321	0.402832	0.866031	-0.050954	0.017430	26
0.016602	0.194092	0.392944	0.879389	-0.055725	0.023791	27
0.019531	0.184692	0.387085	0.893448	-0.061514	0.027290	28
0.023193	0.179443	0.383911	0.914440	-0.066667	0.029644	29
0.023926	0.186035	0.369629	0.938104	-0.069784	0.034860	30
0.022339	0.191895	0.349243	0.958588	-0.075127	0.036260	31
0.027344	0.213623	0.327271	0.979644	-0.080598	0.037214	32
0.038574	0.229126	0.306152	0.997265	-0.085051	0.039567	33
0.040283	0.240356	0.286499	1.012659	-0.090903	0.037150	34
0.042480	0.250000	0.284668	1.030725	-0.095992	0.037468	35
0.045654	0.258667	0.263550	1.049364	-0.098919	0.038995	36
0.047974	0.257202	0.242310	1.064631	-0.104071	0.039504	37
0.043457	0.256592	0.232910	1.086323	-0.108461	0.039822	38
0.038940	0.250610	0.209106	1.112913	-0.112405	0.040458	39
0.046143	0.241699	0.180054	1.143511	-0.115712	0.043130	40
0.040283	0.242554	0.152832	1.170293	-0.118003	0.042430	41
0.059204	0.254761	0.121094	1.202608	-0.123728	0.042239	42
0.052002	0.252075	0.092163	1.234033	-0.122328	0.041858	43
0.065552	0.260864	0.041992	1.263486	-0.126336	0.044211	44
0.066895	0.273926	0.010010	1.278435	-0.125763	0.043066	45
0.047974	0.280640	-0.026611	1.284097	-0.126081	0.036132	46
0.045166	0.299805	-0.067871	1.284796	-0.128690	0.031234	47
0.043457	0.328247	-0.115967	1.274809	-0.130662	0.026399	48
0.045044	0.367432	-0.162842	1.256425	-0.130216	0.024237	49
0.057617	0.398682	-0.171997	1.225509	-0.130852	0.020802	50
0.052856	0.422485	-0.227295	1.198664	-0.130534	0.014631	51
0.066528	0.438721	-0.266724	1.160751	-0.129580	0.016349	52
0.068237	0.458008	-0.283081	1.112023	-0.125573	0.014758	53
0.066528	0.488525	-0.324707	1.058079	-0.123410	0.012532	54
0.072388	0.520508	-0.337891	0.998410	-0.120293	0.013804	55
0.073853	0.543335	-0.344238	0.933333	-0.115331	0.014377	56
0.075684	0.547729	-0.350220	0.865776	-0.111132	0.014249	57
0.081299	0.548096	-0.346680	0.799109	-0.108969	0.011705	58
0.083984	0.555054	-0.343872	0.733397	-0.106043	0.010369	59
0.081787	0.563721	-0.344238	0.669211	-0.103053	0.008588	60
0.090332	0.548340	-0.333740	0.606934	-0.100954	0.005471	61
0.090698	0.527588	-0.345337	0.552481	-0.097837	0.004453	62
0.096802	0.523438	-0.350098	0.505789	-0.094084	0.006361	63
0.094482	0.536743	-0.353882	0.462341	-0.090458	0.003880	64
0.101440	0.520508	-0.353271	0.418702	-0.086132	0.000509	65
0.095093	0.490845	-0.345825	0.378753	-0.081107	-0.000191	66
0.093994	0.456665	-0.334839	0.345483	-0.075827	-0.003117	67
0.088623	0.425537	-0.326782	0.320483	-0.072074	-0.005153	68
0.096436	0.399292	-0.329590	0.302735	-0.068766	-0.006743	69
0.107422	0.401611	-0.324829	0.291921	-0.065458	-0.009924	70
0.097046	0.417358	-0.333740	0.279962	-0.058842	-0.011260	71
0.089478	0.419678	-0.312256	0.262468	-0.055344	-0.012532	72
0.086182	0.389038	-0.315796	0.247583	-0.052863	-0.015013	73
0.083008	0.366699	-0.306030	0.240013	-0.049936	-0.014249	74
0.083374	0.407715	-0.329346	0.241921	-0.047901	-0.014695	75
0.087891	0.461304	-0.348389	0.235115	-0.044402	-0.012723	76
0.095459	0.491333	-0.380127	0.212786	-0.042557	-0.012277	77
0.109375	0.498779	-0.386719	0.181170	-0.040394	-0.012913	78
0.096802	0.511353	-0.384888	0.149109	-0.034860	-0.014567	79
0.089600	0.499390	-0.377197	0.116730	-0.031043	-0.015394	80
0.091797	0.459351	-0.374390	0.086260	-0.030089	-0.015013	81
0.088745	0.458374	-0.367188	0.066730	-0.027672	-0.013995	82
0.088013	0.465576	-0.367065	0.049682	-0.024364	-0.014186	83
0.089722	0.459839	-0.374634	0.028690	-0.023601	-0.015331	84
0.097534	0.464355	-0.380371	0.010814	-0.022710	-0.014313	85
0.097168	0.475342	-0.382690	-0.009542	-0.018575	-0.015076	86
0.093628	0.483276	-0.378662	-0.031934	-0.016794	-0.016031	87
0.088379	0.468140	-0.368164	-0.053117	-0.013613	-0.016349	88
0.085327	0.435791	-0.353760	-0.069529	-0.011196	-0.016603	89
0.084229	0.406250	-0.324951	-0.075763	-0.008969	-0.016031	90
0.073364	0.365356	-0.317139	-0.071183	-0.006934	-0.014822	91
0.073364	0.360229	-0.304199	-0.057634	-0.005662	-0.012023	92
0.078857	0.396484	-0.314087	-0.039885	-0.004326	-0.009351	93
0.077881	0.422363	-0.319458	-0.034160	-0.002417	-0.008015	94
0.083252	0.423218	-0.317749	-0.035623	-0.002099	-0.009351	95
0.079956	0.401245	-0.317017	-0.035115	-0.000318	-0.008588	96
0.075073	0.388184	-0.309692	-0.029071	0.001972	-0.008779	97
0.073486	0.406494	-0.315186	-0.020611	0.003053	-0.007952	98
0.074829	0.424072	-0.317505	-0.017366	0.004835	-0.006997	99
0.072632	0.420288	-0.325806	-0.019720	0.005598	-0.007952	100
0.069702	0.417114	-0.317261	-0.022837	0.007443	-0.007888	101
0.070190	0.421143	-0.318115	-0.024936	0.008588	-0.007188	102
0.065918	0.426025	-0.320801	-0.029898	0.010496	-0.007888	103
0.064575	0.434082	-0.320923	-0.036578	0.011705	-0.008015	104
0.065063	0.431396	-0.317505	-0.044275	0.012723	-0.006807	105
0.065918	0.424194	-0.311401	-0.051272	0.014186	-0.006616	106
0.067871	0.419800	-0.305786	-0.054707	0.015649	-0.006234	107
0.068481	0.410400	-0.303589	-0.055662	0.017430	-0.004580	108
0.067383	0.409424	-0.297119	-0.055344	0.018766	-0.004580	109
0.066284	0.412354	-0.297974	-0.053562	0.020547	-0.002799	110
0.067383	0.410767	-0.288696	-0.052608	0.021628	-0.002672	111
0.065674	0.396973	-0.282593	-0.050573	0.022837	-0.002799	112
0.064697	0.391846	-0.277100	-0.045611	0.023728	-0.001336	113
0.061401	0.397949	-0.274170	-0.037723	0.024046	-0.000763	114
0.059326	0.403687	-0.275635	-0.033333	0.022710	-0.001590	115
0.062134	0.413208	-0.277222	-0.030916	0.023155	-0.001018	116
0.060059	0.416748	-0.273682	-0.030980	0.022265	-0.001590	117
0.055908	0.419434	-0.275024	-0.032443	0.020929	-0.001845	118
0.058228	0.423096	-0.276367	-0.034478	0.019847	-0.001209	119
0.062988	0.423706	-0.274536	-0.037595	0.019275	-0.000763	120
0.059814	0.421997	-0.271362	-0.040140	0.018702	-0.002990	121
0.059570	0.412109	-0.267822	-0.042239	0.017939	-0.002099	122
0.059326	0.412354	-0.262573	-0.040903	0.016985	-0.001209	123
0.061157	0.413696	-0.266113	-0.039949	0.016858	-0.001336	124
0.060791	0.414795	-0.266968	-0.039186	0.016603	-0.000509	125
0.064209	0.416992	-0.266479	-0.038232	0.016667	-0.000191	126
0.065430	0.416992	-0.260376	-0.037277	0.016094	0.000573	127
0.061768	0.412231	-0.258545	-0.037150	0.015712	0.001209	128
0.067993	0.409180	-0.257080	-0.035178	0.015585	0.000827	129
0.067627	0.408691	-0.253540	-0.030980	0.015331	0.002226	130
0.066772	0.406128	-0.252197	-0.027672	0.015076	0.002099	131
0.067261	0.407715	-0.253052	-0.024109	0.013868	0.002672	132
0.068115	0.412354	-0.257568	-0.020229	0.013486	0.003117	133
0.065063	0.415283	-0.257446	-0.018066	0.012786	0.002099	134
0.066406	0.416382	-0.258057	-0.016858	0.011260	0.003435	135
0.067993	0.418823	-0.259277	-0.015712	0.011959	0.002226	136
0.067261	0.423218	-0.260864	-0.016667	0.011387	0.003690	137
0.067505	0.425659	-0.263184	-0.017239	0.010941	0.003181	138
0.068115	0.427124	-0.264038	-0.018766	0.010687	0.003753	139
0.067139	0.426025	-0.261353	-0.020865	0.010051	0.004071	140
0.070557	0.426392	-0.261353	-0.022392	0.009669	0.004071	141
0.069458	0.427246	-0.262329	-0.024237	0.009606	0.003817	142
0.068848	0.423462	-0.261963	-0.025636	0.009542	0.003626	143
0.071411	0.424805	-0.259644	-0.027163	0.010051	0.004898	144
0.072998	0.424683	-0.258667	-0.028308	0.009924	0.003880	145
0.075317	0.419800	-0.257813	-0.029453	0.010814	0.005852	146
0.073242	0.415527	-0.254639	-0.028435	0.010751	0.004326	147
0.072876	0.411987	-0.257690	-0.027163	0.010496	0.006234	148
0.075439	0.413818	-0.255981	-0.024491	0.011196	0.006870	149
0.074585	0.416626	-0.251709	-0.023219	0.011514	0.006425	150
0.073975	0.412231	-0.248901	-0.021247	0.011323	0.005280	151
